# Created by Octave 3.2.4, Fri Jul 19 18:21:48 2013 JST <hiroki@ChrUbuntu>
# name: ext
# type: matrix
# rows: 3
# columns: 4
 0.147624 0.98621 0.074811 0.216217
 -0.164708 0.09909800000000001 -0.981352 -0.027181
 -0.975233 0.132549 0.177066 -1.773862
