# Created by Octave 3.2.4, Fri Jul 19 18:21:48 2013 JST <hiroki@ChrUbuntu>
# name: ext
# type: matrix
# rows: 3
# columns: 4
 -0.08221199999999999 -0.066844 0.994371 -0.126802
 0.119626 0.989873 0.076432 0.278826
 -0.989409 0.125236 -0.073383 -1.627068
