# Created by Octave 3.2.4, Fri Jul 19 18:21:48 2013 JST <hiroki@ChrUbuntu>
# name: ext
# type: matrix
# rows: 3
# columns: 4
 0.072834 0.050488 -0.996065 0.11817
 -0.095552 -0.993771 -0.057358 -0.030567
 -0.992756 0.099354 -0.067556 -1.659672
