# Created by Octave 3.2.4, Fri Jul 19 18:21:48 2013 JST <hiroki@ChrUbuntu>
# name: R
# type: matrix
# rows: 3
# columns: 3
 -0.404923 0.065036 -0.912035
 -0.15255 -0.9882919999999999 -0.002745
 -0.901535 0.138019 0.410104
