# Created by Octave 3.2.4, Fri Jul 19 18:21:48 2013 JST <hiroki@ChrUbuntu>
# name: t
# type: matrix
# rows: 1
# columns: 3
 -0.126802 0.278826 -1.627068
