# Created by Octave 3.2.4, Fri Jul 19 18:21:48 2013 JST <hiroki@ChrUbuntu>
# name: K
# type: matrix
# rows: 3
# columns: 3
 4720.046592145263 0 1019.105642521567
 0 4733.56723010615 1073.212399087417
 0 0 1
# name: kc
# type: matrix
# rows: 1
# columns: 4
 -0.4084232671189134 0.32655864583003 -0.0013640316654388 0.0006593406519088
