# Created by Octave 3.2.4, Fri Jul 19 18:21:48 2013 JST <hiroki@ChrUbuntu>
# name: K
# type: matrix
# rows: 3
# columns: 3
 4648.60518114314 0 990.4697755029069
 0 4662.677624831504 1014.318802634382
 0 0 1
# name: kc
# type: matrix
# rows: 1
# columns: 4
 -0.3726259530155535 -0.1964427677672661 0.0024603328970213 0.0018094824879872
