# Created by Octave 3.2.4, Fri Jul 19 18:21:48 2013 JST <hiroki@ChrUbuntu>
# name: K
# type: matrix
# rows: 3
# columns: 3
 4699.876856218631 0 995.1409720343432
 0 4717.079931236531 1022.245142130196
 0 0 1
# name: kc
# type: matrix
# rows: 1
# columns: 4
 -0.3913768440936293 -0.0185953260165541 0.0002626843236836 -0.0002045916176328
