# Created by Octave 3.2.4, Fri Jul 19 18:21:48 2013 JST <hiroki@ChrUbuntu>
# name: P
# type: matrix
# rows: 3
# columns: 5
 0 1368.7832 2780.5257 53.340187 2334.8982
 0 1612.8645 -445.24371 2686.847 2131.0051
 0 0.97523259 -0.13254865 -0.17706568 1.7738625
