# Created by Octave 3.2.4, Fri Jul 19 18:21:48 2013 JST <hiroki@ChrUbuntu>
# name: P
# type: matrix
# rows: 3
# columns: 5
 0 -1338.4698 137.53668 -4639.5458 184.473
 0 1191.0555 4640.2442 -197.91163 1539.7238
 0 0.90153514 -0.1380192 -0.41010377 1.5852163
