# Created by Octave 3.2.4, Fri Jul 19 18:21:48 2013 JST <hiroki@ChrUbuntu>
# name: R
# type: matrix
# rows: 3
# columns: 3
 0.072834 0.050488 -0.996065
 -0.095552 -0.993771 -0.057358
 -0.992756 0.099354 -0.067556
