# Created by Octave 3.2.4, Fri Jul 19 18:21:48 2013 JST <hiroki@ChrUbuntu>
# name: K
# type: matrix
# rows: 3
# columns: 3
 2988.974580887646 0 1024.666407979698
 0 3000.405278237496 1029.223975134185
 0 0 1
# name: kc
# type: matrix
# rows: 1
# columns: 4
 -0.2428283199746081 0.5158325403199696 0.0014064837415889 0.0012880637294475
