# Created by Octave 3.2.4, Fri Jul 19 18:21:48 2013 JST <hiroki@ChrUbuntu>
# name: P
# type: matrix
# rows: 3
# columns: 5
 0 1380.6048 140.3473 -4503.6384 2289.8795
 0 1433.4561 4482.61 332.02768 1800.8387
 0 0.9927563 -0.099353551 0.067555898 1.6596716
