# Created by Octave 3.2.4, Fri Jul 19 18:21:48 2013 JST <hiroki@ChrUbuntu>
# name: P
# type: matrix
# rows: 3
# columns: 5
 0 565.96552 -409.38978 4538.715 969.20916
 0 561.74373 -4602.9965 -262.98346 553.55301
 0 0.98940933 -0.12523642 0.07338262199999999 1.6270676
