K11 = 2988.9745808876460000
K12 = 0.0000000000000000
K13 = 1024.6664079796976000
K21 = 0.0000000000000000
K22 = 3000.4052782374961000
K23 = 1029.2239751341851000
K31 = 0.0000000000000000
K32 = 0.0000000000000000
K33 = 1.0000000000000000

kc1 = -0.2428283199746081
kc2 = 0.5158325403199696
kc3 = 0.0014064837415889
kc4 = 0.0012880637294475
