R11 = 0.147624 
R12 = 0.986210 
R13 = 0.074811 
R21 = -0.164708 
R22 = 0.099098 
R23 = -0.981352 
R31 = -0.975233 
R32 = 0.132549 
R33 = 0.177066 

t11 = 0.216217 
t21 = -0.027181 
t31 = -1.773862 

K11 = 2948.237920 
K12 = -2.251172 
K13 = -956.882349 
K21 = 0.000000 
K22 = -2946.515605 
K23 = -1156.186073 
K31 = 0.000000 
K32 = 0.000000 
K33 = -1.000000 

