K11 = 4648.6051811431398000
K12 = 0.0000000000000000
K13 = 990.4697755029069400
K21 = 0.0000000000000000
K22 = 4662.6776248315036000
K23 = 1014.3188026343817000
K31 = 0.0000000000000000
K32 = 0.0000000000000000
K33 = 1.0000000000000000

kc1 = -0.3726259530155535
kc2 = -0.1964427677672661
kc3 = 0.0024603328970213
kc4 = 0.0018094824879872
