K11 = 4699.8768562186315000
K12 = 0.0000000000000000
K13 = 995.1409720343432400
K21 = 0.0000000000000000
K22 = 4717.0799312365307000
K23 = 1022.2451421301959000
K31 = 0.0000000000000000
K32 = 0.0000000000000000
K33 = 1.0000000000000000

kc1 = -0.3913768440936293
kc2 = -0.0185953260165541
kc3 = 0.0002626843236836
kc4 = -0.0002045916176328
