C1 = -1.766324 
C2 = 0.024581 
C3 = 0.271240 

P11 = 0.000050 
P12 = 0.000056 
P13 = 0.862734 
P21 = 0.000335 
P22 = -0.000034 
P23 = -0.413453 
P31 = 0.000025 
P32 = 0.000333 
P33 = -0.586398 
