R11 = 0.072834 
R12 = 0.050488 
R13 = -0.996065 
R21 = -0.095552 
R22 = -0.993771 
R23 = -0.057358 
R31 = -0.992756 
R32 = 0.099354 
R33 = -0.067556 

t11 = 0.118170 
t21 = -0.030567 
t31 = -1.659672 

K11 = 4593.558756 
K12 = -13.070917 
K13 = -1052.412732 
K21 = 0.000000 
K22 = -4610.699675 
K23 = -1000.139786 
K31 = -0.000000 
K32 = 0.000000 
K33 = -1.000000 

