R11 = -0.082212 
R12 = -0.066844 
R13 = 0.994371 
R21 = 0.119626 
R22 = 0.989873 
R23 = 0.076432 
R31 = -0.989409 
R32 = 0.125236 
R33 = -0.073383 

t11 = -0.126802 
t21 = 0.278826 
t31 = -1.627068 

K11 = 4494.001697 
K12 = 9.365609 
K13 = -944.304886 
K21 = 0.000000 
K22 = -4509.281029 
K23 = -1112.958854 
K31 = 0.000000 
K32 = 0.000000 
K33 = -1.000000 

