R11 = -0.404923 
R12 = 0.065036 
R13 = -0.912035 
R21 = -0.152550 
R22 = -0.988292 
R23 = -0.002745 
R31 = -0.901535 
R32 = 0.138019 
R33 = 0.410104 

t11 = -0.183272 
t21 = -0.151903 
t31 = -1.585216 

K11 = 4782.349460 
K12 = 80.993691 
K13 = -677.034916 
K21 = 0.000000 
K22 = -4767.068083 
K23 = -514.499909 
K31 = 0.000000 
K32 = 0.000000 
K33 = -1.000000 

