C1 = -1.659177 
C2 = 0.128552 
C3 = 0.003831 

P11 = 0.000016 
P12 = 0.000021 
P13 = 0.955388 
P21 = 0.000011 
P22 = 0.000216 
P23 = -0.326455 
P31 = -0.000217 
P32 = 0.000013 
P33 = 0.282704 
