K11 = 4720.0465921452633000
K12 = 0.0000000000000000
K13 = 1019.1056425215672000
K21 = 0.0000000000000000
K22 = 4733.5672301061504000
K23 = 1073.2123990874175000
K31 = 0.0000000000000000
K32 = 0.0000000000000000
K33 = 1.0000000000000000

kc1 = -0.4084232671189134
kc2 = 0.3265586458300300
kc3 = -0.0013640316654388
kc4 = 0.0006593406519088
