C1 = -1.526512 
C2 = 0.080585 
C3 = 0.482536 

P11 = -0.000085 
P12 = 0.000031 
P13 = 0.943136 
P21 = 0.000014 
P22 = 0.000208 
P23 = -0.254010 
P31 = -0.000191 
P32 = -0.000003 
P33 = -0.279617 
