C1 = -1.653615 
C2 = -0.080710 
C3 = -0.014621 

P11 = -0.000018 
P12 = -0.000027 
P13 = 1.036252 
P21 = -0.000015 
P22 = -0.000220 
P23 = 0.133159 
P31 = 0.000221 
P32 = -0.000016 
P33 = -0.117207 
